	Shannon	Simpson	Fisher	Chao1
TPMIC03145	0.6987055237669462	0.21755896141199926	0.437020148343394	6.0
TPMIC03131	1.0436694566078801	0.4241645164308173	0.22060522987850742	3.0
TPMIC03126	1.2725946595192537	0.5153081433435497	0.3544404620375047	6.0
TPMIC03125	0.40390119190416196	0.14802167169954172	0.1550269582251123	2.0
TPMIC03121	1.9907762422159774	0.690532198262863	0.4450309168051927	5.0
TPMIC03110	2.1234309178998703	0.7348264571748903	0.32903302756921354	5.0
TPMIC03109			2.6180339603380443	0.0
TPMIC03108	1.9527290564146451	0.7336357390625816	0.2429553043066495	4.0
TPMIC03104	2.0603300982388544	0.6744825452824061	0.6436455139175992	9.0
TPMIC03103	1.5042125227414447	0.5136067725978561	0.5522808641478014	9.0
TPMIC03100	0.2634077648810101	0.07651851028031731	0.19745923723131253	3.0
TPMIC03099	1.8863965155753153	0.6756797028405361	0.4335490835789971	6.0
TPMIC03097	0.7084754356073407	0.2731403044100482	0.1962506152132682	3.0
TPMIC03096	1.9381870035351576	0.6910510208053462	0.47110632589164647	6.0
TPMIC03094	1.0110951891411357	0.42427696143465154	0.26005960932617944	4.0
TPMIC03092	1.5841691704978331	0.6548004744416582	0.27338993527791333	4.0
TPMIC03091	1.49161740878509	0.5520971149626344	0.33169002313384255	5.0
TPMIC03089	0.5420897764752066	0.18443437603164115	0.2087247838208505	3.0
TPMIC03087	0.4950203408304662	0.1525648752186508	0.2687955850887902	5.0
TPMIC03084	0.7058456817061268	0.2450500131526986	0.4305763226787348	7.0
TPMIC03083	0.687950984720282	0.23517914076604496	0.24352277481718837	4.0
TPMIC03082	0.9861284660853852	0.4362833705081848	0.28278294550090655	4.0
TPMIC03078	1.4399896324750632	0.5405099131750166	0.2854829364332449	4.0
TPMIC03075	1.3965907192583662	0.5731430023309623	0.22165095072942365	3.0
TPMIC03073	0.9993250113884722	0.49953220651790176	0.1142093440823819	2.0
TPMIC03072	2.1687126130775307	0.7295468971830017	0.4838363633230331	6.0
TPMIC03071	1.827457595432926	0.6562092764073917	0.5146164264432702	7.0
TPMIC03070	-0.0	0.0	0.05351345201296228	1.0
TPMIC03069	0.29646455057551935	0.08213224985035494	0.28569449890301696	5.0
TPMIC03068	1.4431597583754605	0.5633397968055038	0.42425523713580393	6.0
TPMIC03066	0.40459834044107407	0.13129703978696805	0.2049666506926659	3.0
TPMIC03064	1.3901806866273159	0.5192976133715991	0.3359860215485244	4.0
TPMIC03059	0.8454315824975907	0.3838869418288511	0.30999849141096864	5.0
TPMIC03057	1.330626930392914	0.5189419527332857	0.30519384859631266	5.0
TPMIC03055	0.2262030491930551	0.064806562122521	0.23183230873269903	3.0
TPMIC03054	1.5891065776869504	0.6611894441391539	0.2649633827542299	4.0
TPMIC03051	0.029231104050725182	0.005926757057346688	0.11133037036167977	2.0
TPMIC03049	0.8059042196640226	0.3716143590634091	0.10292240143968123	2.0
TPMIC03045	1.5476269793924218	0.6172799459866937	0.362141157071663	4.0
TPMIC03044	1.068712323002018	0.4577370463235618	0.2185186389898644	3.0
TPMIC03042	0.7033019722602679	0.29733227451489264	0.22750095839444873	4.0
TPMIC03041	1.2690056430866188	0.5547417949702916	0.19186484633231704	3.0
TPMIC03040	0.7255682327559795	0.2702914042860325	0.15980497015513467	3.0
TPMIC03038	0.23351234213124317	0.06338999183670357	0.23341668699976384	4.0
TPMIC03037	0.9848653713896838	0.43698653032054147	0.2076843605412377	3.0
TPMIC03035	0.9702283225124276	0.47950619142609807	0.197707489161146	2.0
TPMIC03034	1.462155414126949	0.5703339417591962	0.22898281846602864	4.0
TPMIC03033	0.07829214136021868	0.016680027402105724	0.1772620027759478	3.0
TPMIC03032	1.2242474989622103	0.47538258103377895	0.2717257864824114	4.0
TPMIC03031	0.7801171593584815	0.27860206409082866	0.17508174475166777	3.0
TPMIC03030	1.853659616204618	0.5939643984308252	0.4940203348868662	7.0
TPMIC03029	2.141229989442348	0.7247713786440199	0.5626939812921269	8.0
TPMIC03025	0.8543331976815993	0.33488817750742594	0.23334975446345493	4.0
TPMIC03022	2.170285086659767	0.757876087548211	0.3695188014900898	5.0
TPMIC03021	0.6654766314885806	0.27457985794816053	0.18736774950150317	3.0
TPMIC03020	0.2398302944330338	0.06938613969183838	0.17720386290964446	3.0
TPMIC03019	1.6901304484757007	0.6118209539602344	0.3734205490756891	5.0
TPMIC03018	1.2390571516945856	0.5348015738391825	0.27824099972464356	4.0
TPMIC03015	0.4378045675535872	0.13510910295591827	0.1879958477942514	3.0
TPMIC03012	1.4072081664479037	0.5885242502501011	0.21444463451066248	3.0
TPMIC03011	0.770859194921932	0.21371403068599915	0.653491497552224	10.0
TPMIC03010	0.9590261431700131	0.3118743447130854	0.34950828463176387	5.0
TPMIC03009	1.5464168642023384	0.6498603347502765	0.23993876550050566	3.0
TPMIC03007	0.41747417291871297	0.12381737875906829	0.3010614761228729	4.0
TPMIC03006	2.0558577932042774	0.7023009657074928	0.6946238580064313	10.0
TPMIC03005	1.9099844210799404	0.7031112611581376	0.5180207614226712	8.0
TPMIC03002	1.3387431247900037	0.5255611032515466	0.2589223282817757	4.0
TPMIC01293	0.6410647377858669	0.22840747146083118	0.23038096574273642	4.0
TPMIC01292	1.4278377411094592	0.6047316337391738	0.18533910164536285	3.0
TPMIC01291	0.5573874679890856	0.22400358312802193	0.1714001203750245	3.0
TPMIC01289	0.5151910208185005	0.19143009855113868	0.2292450522672939	4.0
TPMIC01287	0.19324771846898722	0.05777146600381089	0.13409900012190126	2.0
TPMIC01284	0.04918657432738128	0.010936512080028438	0.1432689492262231	2.0
TPMIC01283	1.9459249883053187	0.7045819343858519	0.43543495298336565	6.0
TPMIC01282	1.4318463824133816	0.5878770240136819	0.292615760790281	4.0
TPMIC01281	0.9359483890549573	0.45626383921416713	0.14354338695775773	2.0
TPMIC01280	1.5674868001216211	0.648461764317567	0.2890675727704385	5.0
TPMIC01279	-0.0	0.0	0.09641521030917298	1.0
TPMIC01278	0.8816773615923541	0.35858057187743786	0.30862974427781303	5.0
TPMIC01277	2.2287032443245405	0.7494787817072334	0.4641503957235578	6.0
TPMIC01276	1.548669149987079	0.557899678990621	0.3816673670778608	5.0
TPMIC01275	1.5423097075528003	0.6018366238634161	0.32496496524476526	4.0
TPMIC01274	0.6882528526362395	0.22048385293776074	0.3412538508434458	5.0
TPMIC01273	1.9756302080542065	0.6991364166339582	0.4595402138669256	6.0
TPMIC01272	1.0289333570887527	0.40696896286853457	0.16316263610788834	3.0
TPMIC01271	0.6618161442991609	0.22128064917657053	0.22638251168931944	4.0
TPMIC01270	0.45278017213237337	0.1256013570893325	0.2864206967796828	4.0
TPMIC01269	1.907515276886667	0.6830872720777106	0.35584495063964805	5.0
TPMIC01268	1.161610104045919	0.4174529628126048	0.42989943481571374	7.0
TPMIC01267	1.4051081572657433	0.5769914106919164	0.34117083944715565	6.0
TPMIC01266	1.110500639417999	0.4926299786520283	0.2581935143975212	4.0
TPMIC01265	1.173202375974017	0.48274432818180635	0.22907051881370807	3.0
TPMIC01262	1.0662246496754233	0.5002011006072249	0.3066163187816153	5.0
TPMIC01260	1.7704209553791466	0.6752499031387839	0.4478319368082071	8.0
TPMIC01259	0.38214645651704304	0.09557381938108378	0.3769331023141041	6.0
TPMIC01258	1.6216428998108152	0.6349175698750555	0.38432401803201266	7.0
TPMIC01257	0.4813588374914479	0.13515090731515078	0.26494526333143625	4.0
TPMIC01256	1.8874223046299596	0.6784990697962214	0.4336725591735203	6.0
TPMIC01255	1.8583003203234383	0.6996269093694614	0.3480496101072386	6.0
TPMIC01254	0.3466455859257757	0.10069571065039817	0.19138549656442724	3.0
TPMIC01253	0.7316543091170488	0.30567879764331307	0.31134762334787597	5.0
TPMIC01252	1.428825723292855	0.5718385898027548	0.41495031713344044	6.0
TPMIC01251	1.011454977627248	0.485439599626482	0.17582890818371133	3.0
TPMIC01250	2.019730206563155	0.723986235803621	0.45268042047448337	5.0
TPMIC01249	0.936571506459188	0.42820067023991204	0.1911757346645748	3.0
TPMIC01248	1.3818640580646644	0.5618557759660021	0.27406251252957	4.0
TPMIC01247	1.4275313215672314	0.5898468730365078	0.25406258525085823	3.0
TPMIC01246	0.3208899519652371	0.08262611619132199	0.2635814491970324	4.0
TPMIC01245	1.5343396306268702	0.6034772076006136	0.4539883396662059	7.0
TPMIC01242	1.0283881459786512	0.38877475558041275	0.28075619421128	4.0
TPMIC01241	0.5020863510852258	0.17869595326953835	0.26366403529740495	4.0
TPMIC01240	1.819247589036968	0.695748384361552	0.28598816002640753	4.0
TPMIC01239	1.273920232015418	0.5330995678178378	0.23143918636005145	3.0
TPMIC01236	0.3918825400476391	0.14203651707190856	0.1728118810526706	3.0
TPMIC01235	1.236997865632169	0.445888520570476	0.3343831010736756	4.0
TPMIC01234	0.9838374289705484	0.3544078576737848	0.274718167204776	4.0
TPMIC01233	1.0102708829736513	0.4525159870337909	0.27076118323627546	4.0
TPMIC01232	0.036777036388024466	0.007266490695718053	0.18408962903010306	3.0
TPMIC01231	0.26462908148291564	0.06931297812413462	0.37355815193464287	6.0
TPMIC01230	1.7095107620486703	0.6347033636643474	0.3603105097839415	5.0
TPMIC01229	0.8410525322305772	0.2816507943801062	0.27073834906815714	4.0
TPMIC01228	0.8743656960811385	0.41166530167065873	0.16545827820109796	3.0
TPMIC01227	0.7258738544479535	0.2361436088104062	0.2820139869163415	4.0
TPMIC01226	0.9909020250736705	0.2820362913822301	0.6493532580545555	10.0
TPMIC01225	1.5804570060797918	0.6319388531103665	0.2898799757889134	4.0
TPMIC01224	1.2664074137562873	0.4428967878295036	0.3788213109000403	6.0
TPMIC01223	1.5481293240811844	0.6426896219829941	0.3055942959149051	4.0
TPMIC01222	1.146669336782505	0.4757319774084269	0.2482312013372489	4.0
TPMIC01221	1.401098395971283	0.5925200024022812	0.18014788846587904	3.0
TPMIC01220	1.437177441046716	0.5987464315386393	0.2590530099102961	3.0
TPMIC01217	1.0014986974545255	0.37127453939749633	0.24300054300649246	4.0
TPMIC01216	1.597551561572421	0.6314649238570839	0.34595719336844377	4.0
TPMIC01215	1.3938544500431185	0.5860679506291357	0.17566818790554095	3.0
TPMIC01214	1.0847795222854446	0.5118203544555077	0.20011796407456492	3.0
TPMIC01213	0.14157965682833323	0.03325828196152991	0.2505861398218171	4.0
TPMIC01212	1.7837405111438505	0.651862200017834	0.5086729819102719	8.0
TPMIC01211	1.5440469625540665	0.6097441333679933	0.2953296607005248	4.0
TPMIC01210	0.845086519798173	0.372879416475021	0.30234441307035526	5.0
TPMIC01208	1.6675136242285395	0.607860538839976	0.5400699197527193	7.0
TPMIC01200	0.39578656744743934	0.13523964332490246	0.2514198077286701	4.0
TPMIC01199	0.7969636386878133	0.2939099193933802	0.18603748492305391	3.0
TPMIC01198	1.0216219043557881	0.39988071544301185	0.2498586454901989	4.0
TPMIC01197	-0.0	0.0	0.09261107912292983	1.0
TPMIC01196	0.906628489154084	0.33620786912351086	0.3167275502933423	5.0
TPMIC01195	1.976780188117034	0.7093997120234901	0.3920675858597058	5.0
TPMIC01194	0.9744894033980523	0.482421875	0.2412847313062253	2.0
TPMIC01193	1.1467829719467977	0.4461621162479037	0.2890774856438318	5.0
TPMIC01191			2.6180339603380443	0.0
TPMIC01190	0.11388503581861657	0.025999477675396343	0.2011027180636572	3.0
TPMIC01189	1.3734733919432027	0.570724744286403	0.2683442546117138	4.0
TPMIC01188	0.49677864371992164	0.1564485470278828	0.22468453360234117	3.0
TPMIC01187	0.47418086357091227	0.15337170275329282	0.2662902916964087	4.0
TPMIC01186	1.3779489562265268	0.4952868581124923	0.23056722137913171	4.0
TPMIC01185	1.2070333940628217	0.48309211986349543	0.17517019881742188	3.0
TPMIC01184	1.721990081626142	0.6189687464402094	0.4679178406973589	6.0
TPMIC01183	0.2805805793026674	0.07433571172556974	0.35172921749842	6.0
TPMIC01182	0.4971697379987851	0.15564765799120828	0.3369677144585161	6.0
TPMIC01181	1.4260642094193086	0.5944566746230552	0.22501113559247288	4.0
TPMIC01180	0.6204536263213183	0.20366116232213094	0.2511827103894264	4.0
TPMIC01179	1.6443440133708747	0.6621804380836599	0.281834303651483	4.0
TPMIC01178	1.4238411513855487	0.5711209319516933	0.41017902512948634	6.0
TPMIC01177	0.7600470214662776	0.2629452677523917	0.3295729484474092	5.0
TPMIC01174	1.0312526012104124	0.4874726659353318	0.1847508941078622	3.0
TPMIC01171	1.1239056899923325	0.46577328550357067	0.26806916320716107	4.0
TPMIC01170	1.2725031917163045	0.4487579003409897	0.28650853016257605	4.0
TPMIC01169	0.4114105946978909	0.12680078593743027	0.24679893912582948	4.0
TPMIC01168	0.5526845601996243	0.21451995935710033	0.24828398029655122	4.0
TPMIC01167	0.383704919384657	0.11068548510836862	0.4639286494871783	8.0
TPMIC01166	1.5328216071998413	0.6072451697500965	0.28798116433038917	5.0
TPMIC01165	2.0012265286856765	0.6832160735857169	0.5336920632152732	7.0
TPMIC01164	1.475141898714406	0.5314478503670672	0.3476267343890499	6.0
TPMIC01163	1.8025941205748697	0.6891494409147336	0.4196279407968865	7.0
TPMIC01162	0.6497749653593157	0.25858249706903536	0.25423509662547916	4.0
TPMIC01161	1.330723725196397	0.3808107611369239	0.6959054279821633	11.0
TPMIC01160	1.6971020020532648	0.6717738930861247	0.3561318436652914	5.0
TPMIC01159	1.1183859687520825	0.3563519251273567	0.647829217214552	9.0
TPMIC01158	1.3512017966020342	0.5220408319029597	0.30631766217790746	4.0
TPMIC01157	0.8701808351475183	0.37592877419906245	0.373248758165216	7.0
TPMIC01156	1.024195980509662	0.42122102514814663	0.21909788389494395	3.0
TPMIC01155	1.010785816823605	0.5005978632978901	0.2415697901348983	4.0
TPMIC01154	0.3098067696301759	0.10201779417816803	0.17271916796229778	3.0
TPMIC01153	1.021221764631418	0.41370424223429236	0.21759386288069554	3.0
TPMIC01153F1	0.09247247376049705	0.018021782552394172	0.2949383765135259	5.0
TPMIC01152	1.0702504424105574	0.5095643174183834	0.20627425870139843	3.0
TPMIC01151	0.3234765128309866	0.10129280184884171	0.3075174630283399	5.0
TPMIC01150	1.0641675036781155	0.4402832465784965	0.17925455039343643	3.0
TPMIC01149	1.5423746578677984	0.5180623415568905	0.5331680210789799	8.0
TPMIC01148	0.6363584735968532	0.19921973356594425	0.2812173440068244	4.0
TPMIC01147	0.7753010219513607	0.26040990569051825	0.39176805089709565	6.0
TPMIC01146	0.682106358209291	0.20950717866919277	0.2781541384901399	4.0
TPMIC01145	1.4345720798226467	0.4742619917280243	0.39688698851979093	6.0
TPMIC01144	0.23144357661019227	0.07247753146748082	0.12194313483553532	2.0
TPMIC01143	0.2672679752634596	0.07433602240745385	0.2910713984336166	5.0
TPMIC01142	0.7080606287952933	0.24661801365923108	0.2399436809108721	4.0
TPMIC01141	0.1274872673216801	0.029890603308668218	0.19135952787038255	3.0
TPMIC01136	2.166895469594155	0.7089500020090508	0.4964986205465184	7.0
TPMIC01135	1.0275946005212733	0.42622833759360534	0.21376886521269955	3.0
TPMIC01134	2.0240119486057826	0.7171605957485332	0.3284372020053963	5.0
TPMIC01133	1.9230529707659243	0.6773968748488515	0.49405659815156955	7.0
TPMIC01132	0.5818258643827011	0.23947434713630145	0.1844906030601249	2.0
TPMIC01131	1.3470451701962778	0.5241634013967961	0.28443402454362543	4.0
TPMIC01130	1.3957978225635979	0.4975983019577115	0.27879093491979	4.0
TPMIC01129	1.2341079665479149	0.5016806418112412	0.17445793459695796	3.0
TPMIC01128	1.4260184807988558	0.5527462316437739	0.2841534304220322	4.0
TPMIC01127	1.325278128074813	0.5101284564935809	0.2821678917552459	4.0
TPMIC01126	0.8396870263035177	0.3025541141439335	0.2130223474402907	3.0
TPMIC01125	0.6623925033604694	0.20231441003300277	0.2993868138637496	4.0
TPMIC01124	1.978153069375347	0.7066831281975949	0.4036125050016997	5.0
TPMIC01123	1.153422945327218	0.5206543198900433	0.22692167840556407	3.0
TPMIC01122	0.6823239917199238	0.23647439986014673	0.2189454209337853	3.0
TPMIC01121	0.23951455879845807	0.06443494729379995	0.20007502476501815	3.0
TPMIC01120	0.35785210854654487	0.11444482001946465	0.1746742783184033	3.0
TPMIC01119	1.1000204757815237	0.386838592453137	0.34936695856391053	5.0
TPMIC01118	1.5330775616986962	0.6416012684365502	0.2704111073858122	3.0
TPMIC01115	1.35062960078991	0.45668811401778364	0.3926371424669467	6.0
TPMIC01114	0.550069589792041	0.1817984285282399	0.2028547463938338	3.0
TPMIC01113	0.4508363789339428	0.13149692277776803	0.2684618417928102	4.0
TPMIC01112	0.6377376369910415	0.265153014141277	0.17915460328404229	3.0
TPMIC01111	1.4323955023720603	0.5809945634456017	0.423366892238691	7.0
TPMIC01110	1.5719273259738484	0.603690599244627	0.2999371917295027	4.0
TPMIC01107	0.8841495028143967	0.3382011836525274	0.2601822870313301	4.0
TPMIC01105	0.22122591204435743	0.055507067536122556	0.2732715606435927	4.0
TPMIC01104	1.4389341762056107	0.6083496137565143	0.2342501710321823	3.0
TPMIC01103	0.06936384071665203	0.016480496710987724	0.1207588932909279	2.0
TPMIC01101	1.3822947338872078	0.5891856402577766	0.24446868191072257	3.0
TPMIC01100	0.042954778611999096	0.008680588709290227	0.169102017653069	3.0
TPMIC01099	0.9291878993726621	0.417929933203931	0.3325117307545108	6.0
TPMIC01098	1.0478096192815898	0.4607628518318604	0.18010036408416044	3.0
TPMIC01097	0.5567704822880141	0.1829904330430847	0.15981187675267244	3.0
TPMIC01096	1.3896565236393015	0.5748149277239538	0.21815308167590858	3.0
TPMIC01095	0.8020931452119348	0.30058889288013724	0.21008762292741498	3.0
TPMIC01094	1.944421086563394	0.6699788190565572	0.5287835276690337	8.0
TPMIC01093	1.0190478020583744	0.49897205862906757	0.17214673134778358	3.0
TPMIC01092	1.2881810256387274	0.505069346394544	0.24443784315002334	4.0
TPMIC01091	0.2700400215922697	0.07538860610276965	0.1874133569869375	3.0
TPMIC01090	1.2642550337075078	0.5111380755878911	0.22644809471681973	3.0
TPMIC01089	0.6493207239256761	0.22401218135400391	0.2502105001653623	4.0
TPMIC01088	1.6951187308661675	0.6462406987415288	0.5315856968122235	9.0
TPMIC01087	0.4312449457868788	0.14544156728479074	0.17311683181621	3.0
TPMIC01086	0.5879562210887124	0.21440925071313732	0.19263030437791417	3.0
TPMIC01085	0.7445237011602795	0.26438846948665673	0.23682963386774433	4.0
TPMIC01084	1.5056776952836475	0.5506485894110096	0.2927229315509596	5.0
TPMIC01083	0.11432165326927073	0.026381880401699087	0.24740302636116668	4.0
TPMIC01080	1.2822494638601802	0.5246792358784922	0.18287626748213617	3.0
TPMIC01079	1.3024646878886639	0.5269100951273922	0.19773747671934652	3.0
TPMIC01078	0.849355463092981	0.30401285525290167	0.21263586567019818	4.0
TPMIC01077	0.7169080131129615	0.31174260539699694	0.24131899629731943	4.0
TPMIC01076	1.453199894231789	0.5077829096141113	0.31832952206627746	5.0
TPMIC01075	0.8621552917431694	0.3840609372667054	0.234277866588375	4.0
TPMIC01072	0.5900081253011171	0.18161082947172724	0.34878121661768113	6.0
TPMIC01071	0.7717390652061681	0.2906599772982348	0.22263265248039618	3.0
TPMIC01070	0.7530424570432893	0.2349824262077438	0.270727493217711	5.0
TPMIC01069	0.3357358498117431	0.1090781847531731	0.1637610111467333	3.0
TPMIC01068	1.1175870964699777	0.4388887657607218	0.1727133130910962	3.0
TPMIC01067	0.46601952257015683	0.14433583686887874	0.19672930187861662	3.0
TPMIC01062	1.4306854354898566	0.5947018417949138	0.2316306067816752	3.0
TPMIC01061	1.07083369556495	0.41659503511232354	0.2313969886459041	4.0
TPMIC01060	0.39684617488318985	0.11510361666088764	0.280486614402911	4.0
TPMIC01055	0.050170006180631985	0.009967580039085822	0.18456801843650922	3.0
TPMIC01054	1.9019879088524467	0.7154877485088719	0.2394242065030176	4.0
TPMIC01053	0.49718215877539157	0.1520272216455152	0.33374850580410853	5.0
TPMIC01052	0.5123225493144435	0.15439144290334972	0.218367122745138	4.0
TPMIC01051	1.0087213074629693	0.5002848658874683	0.16249093273550702	3.0
TPMIC01050	1.2563706925817324	0.537145230883983	0.2315257409745316	3.0
TPMIC01049	0.8129996222554325	0.3289036090423195	0.25007120034100605	4.0
TPMIC01048	0.8559754539907215	0.4035388809302498	0.13118998135731402	2.0
TPMIC01047	1.464443823340075	0.600873144828914	0.28778483982406616	5.0
TPMIC01046	1.0217052480123257	0.35425010390674694	0.34278411810782616	6.0
TPMIC01045	0.6057224828707778	0.22733847594513912	0.20471991374306447	3.0
TPMIC01043	1.4619249926011688	0.6010939328379528	0.39620877785780373	6.0
TPMIC01042	1.1076988948158009	0.42967149607081967	0.22516013944797786	3.0
TPMIC01041	1.4449411806879364	0.5792640477145954	0.24092238000980865	4.0
TPMIC01040	1.5796187841736167	0.582507767029981	0.3716012099531316	6.0
TPMIC01039	1.290326692686785	0.5209687321774952	0.21683589719813715	3.0
TPMIC01038	0.773550940140116	0.3340363452064794	0.17536021469699106	3.0
TPMIC01037	1.0903724419641894	0.3925775100990023	0.4097045808734366	6.0
TPMIC01036	1.4538627782845412	0.6089211680121008	0.19768975361020977	3.0
TPMIC01035	1.5907717737134	0.5996389994132685	0.5056889712567132	8.0
TPMIC01034	1.1121024587149146	0.44994251531697727	0.2308950038400888	3.0
TPMIC01033	0.42288349549399995	0.1328665807891798	0.16605360267920924	3.0
TPMIC01032	0.5352544852167952	0.15581613727858445	0.3644118739472631	6.0
TPMIC01031	1.2067179686623224	0.4975740050371783	0.21714622845287718	3.0
TPMIC01030	0.5894522894038987	0.19936614917974904	0.19283500872042733	3.0
TPMIC01029	1.2798117938396014	0.516196270071591	0.2530034627567238	3.0
TPMIC01028	0.8747600437398118	0.28310948128427516	0.2959745524988507	4.0
TPMIC01024	1.0431950817034836	0.4002438378516935	0.17383476351823351	3.0
TPMIC01023	1.0257183724224064	0.3631020737536783	0.5533937277373566	8.0
TPMIC01020	1.5758105115683123	0.662482833740611	0.2542702961462549	3.0
TPMIC01018	1.979893622645639	0.6635062026700569	0.586389722617204	9.0
TPMIC01016	0.7173921189543075	0.31416641568986403	0.25771896567120184	5.0
TPMIC01015	1.5471230194674368	0.649203786616571	0.2625378694558956	3.0
TPMIC01011	2.9584131271598326	0.8468834740839051	0.8679096710761763	13.0
TPMIC01010			2.6180339603380443	0.0
TPMIC01009	0.6244368178632138	0.21003847686032062	0.2067186438527324	3.0
TPMIC01008	-0.0	0.0	0.1006946394009436	1.0
TPMIC01007	1.233241150591187	0.5085735304986493	0.19514825286141024	3.0
TPMIC01006	0.13096406548645298	0.03565477614973123	0.11058392665701054	2.0
TPMIC01005	1.8553694926655993	0.704646842414834	0.39392344429475246	7.0
TPMIC01004	1.2780123706233286	0.5088297817934613	0.25160837447127565	4.0
TPMIC01002	0.4687193749974738	0.1461554739595342	0.16114558103351231	3.0
